# FACE_ID=0
-8.090169943749473402e-01 5.877852522924731371e-01 0.000000000000000000e+00 0.000000000000000000e+00
-3.090169943749473958e-01 -4.253254041760198834e-01 -8.506508083520398777e-01 -7.226303467138609271e+00
-5.000000000000000000e-01 -6.881909602355866795e-01 5.257311121191335923e-01 4.466101155712870252e+00
0.000000000000000000e+00 0.000000000000000000e+00 0.000000000000000000e+00 1.000000000000000000e+00
# FACE_ID=1
5.000000000000000000e-01 1.624598481164531150e-01 -8.506508083520398777e-01 -7.226303467138609271e+00
-8.090169943749473402e-01 -2.628655560595667962e-01 -5.257311121191337033e-01 -4.466101155712870252e+00
-3.090169943749473958e-01 9.510565162951535312e-01 -7.933406220624964114e-17 0.000000000000000000e+00
0.000000000000000000e+00 0.000000000000000000e+00 0.000000000000000000e+00 1.000000000000000000e+00
# FACE_ID=2
-3.090169943749473958e-01 -9.510565162951535312e-01 0.000000000000000000e+00 0.000000000000000000e+00
-5.000000000000000000e-01 1.624598481164531150e-01 -8.506508083520399888e-01 -7.226303467138609271e+00
8.090169943749473402e-01 -2.628655560595667962e-01 -5.257311121191334813e-01 -4.466101155712870252e+00
0.000000000000000000e+00 0.000000000000000000e+00 0.000000000000000000e+00 1.000000000000000000e+00
# FACE_ID=3
-3.090169943749473958e-01 4.253254041760198279e-01 8.506508083520399888e-01 7.226303467138611047e+00
-5.000000000000000000e-01 6.881909602355867905e-01 -5.257311121191334813e-01 -4.466101155712870252e+00
-8.090169943749473402e-01 -5.877852522924731371e-01 0.000000000000000000e+00 0.000000000000000000e+00
0.000000000000000000e+00 0.000000000000000000e+00 0.000000000000000000e+00 1.000000000000000000e+00
# FACE_ID=4
5.000000000000000000e-01 -6.881909602355867905e-01 5.257311121191334813e-01 4.466101155712870252e+00
-8.090169943749473402e-01 -5.877852522924731371e-01 0.000000000000000000e+00 0.000000000000000000e+00
3.090169943749473958e-01 -4.253254041760198279e-01 -8.506508083520399888e-01 -7.226303467138611047e+00
0.000000000000000000e+00 0.000000000000000000e+00 0.000000000000000000e+00 1.000000000000000000e+00
# FACE_ID=5
0.000000000000000000e+00 8.506508083520398777e-01 5.257311121191337033e-01 4.466101155712870252e+00
-1.000000000000000000e+00 0.000000000000000000e+00 7.933406220624964114e-17 0.000000000000000000e+00
0.000000000000000000e+00 -5.257311121191337033e-01 8.506508083520398777e-01 7.226303467138609271e+00
0.000000000000000000e+00 0.000000000000000000e+00 0.000000000000000000e+00 1.000000000000000000e+00
# FACE_ID=6
8.090169943749473402e-01 5.877852522924731371e-01 -0.000000000000000000e+00 0.000000000000000000e+00
-3.090169943749473958e-01 4.253254041760198279e-01 8.506508083520399888e-01 7.226303467138611047e+00
5.000000000000000000e-01 -6.881909602355867905e-01 5.257311121191334813e-01 4.466101155712870252e+00
0.000000000000000000e+00 0.000000000000000000e+00 0.000000000000000000e+00 1.000000000000000000e+00
# FACE_ID=7
-3.090169943749473958e-01 4.253254041760198279e-01 8.506508083520399888e-01 7.226303467138611047e+00
5.000000000000000000e-01 -6.881909602355867905e-01 5.257311121191334813e-01 4.466101155712870252e+00
8.090169943749473402e-01 5.877852522924731371e-01 -0.000000000000000000e+00 0.000000000000000000e+00
0.000000000000000000e+00 0.000000000000000000e+00 0.000000000000000000e+00 1.000000000000000000e+00
# FACE_ID=8
1.000000000000000000e+00 0.000000000000000000e+00 -7.933406220624964114e-17 0.000000000000000000e+00
0.000000000000000000e+00 -5.257311121191337033e-01 8.506508083520398777e-01 7.226303467138609271e+00
0.000000000000000000e+00 -8.506508083520398777e-01 -5.257311121191337033e-01 -4.466101155712870252e+00
0.000000000000000000e+00 0.000000000000000000e+00 0.000000000000000000e+00 1.000000000000000000e+00
# FACE_ID=9
5.000000000000000000e-01 1.624598481164531150e-01 -8.506508083520398777e-01 -7.226303467138609271e+00
8.090169943749473402e-01 2.628655560595667962e-01 5.257311121191337033e-01 4.466101155712870252e+00
3.090169943749473958e-01 -9.510565162951535312e-01 7.933406220624964114e-17 0.000000000000000000e+00
0.000000000000000000e+00 0.000000000000000000e+00 0.000000000000000000e+00 1.000000000000000000e+00
# FACE_ID=10
0.000000000000000000e+00 -8.506508083520398777e-01 -5.257311121191337033e-01 -4.466101155712870252e+00
1.000000000000000000e+00 0.000000000000000000e+00 -7.933406220624964114e-17 0.000000000000000000e+00
0.000000000000000000e+00 -5.257311121191337033e-01 8.506508083520398777e-01 7.226303467138609271e+00
0.000000000000000000e+00 0.000000000000000000e+00 0.000000000000000000e+00 1.000000000000000000e+00
# FACE_ID=11
-8.090169943749473402e-01 -2.628655560595667962e-01 -5.257311121191337033e-01 -4.466101155712870252e+00
-3.090169943749473958e-01 9.510565162951535312e-01 -7.933406220624964114e-17 0.000000000000000000e+00
5.000000000000000000e-01 1.624598481164531150e-01 -8.506508083520398777e-01 -7.226303467138609271e+00
0.000000000000000000e+00 0.000000000000000000e+00 0.000000000000000000e+00 1.000000000000000000e+00
